wchip = 20
hchip = 4

Module x  y  w  h

1      0  0 1  1
2      0  1 1  1
3      1  0 1  1
4      0  2 1  1
5      1  1 1  1
6      1  3 1  1
32      2  0 6  4
33      8  0 1  1
37      14  0 1  1
38      9  0 5  3
40      18  0 1  1
78      19  0 1  1
86      14  1 6  3

wchip = 23
hchip = 6

Module x  y  w  h

34      0  0 1  1
35      1  0 1  1
36      2  0 1  1
39      3  0 1  1
42      4  0 1  1
54      5  0 1  1
62      6  0 1  1
73      7  0 1  1
82      11  0 3  6
83      8  0 3  6
84      14  0 3  6
85      17  0 3  6
97      20  0 3  5

wchip = 16
hchip = 4

Module x  y  w  h

7      0  0 1  1
8      1  0 1  1
9      2  0 1  1
10      3  0 1  1
11      4  0 1  1
12      5  0 1  1
41      6  0 6  4
43      12  0 1  1
44      13  0 1  1
45      14  0 1  1
46      15  0 1  1
47      15  1 1  1
48      15  2 1  1

wchip = 29
hchip = 6

Module x  y  w  h

49      0  0 5  3
50      5  0 1  1
51      6  0 1  1
52      7  0 1  1
56      8  0 1  1
63      9  0 1  1
79      3  3 1  1
87      10  0 6  3
88      4  3 6  3
90      10  3 6  3
98      24  0 5  3
101      20  0 4  6
102      16  0 4  6

wchip = 18
hchip = 4

Module x  y  w  h

19      0  0 1  1
20      1  0 1  1
21      9  0 1  1
22      1  3 1  1
23      2  3 1  1
24      10  0 1  1
30      11  1 1  1
66      3  0 6  4
67      2  2 1  1
68      9  2 1  1
69      10  2 1  1
70      11  2 1  1
94      12  0 6  3

wchip = 25
hchip = 6

Module x  y  w  h

31      0  0 1  1
71      1  0 1  1
72      0  1 5  3
74      5  0 1  1
75      6  0 1  1
76      7  0 1  1
77      4  4 1  1
81      5  1 1  1
95      6  1 6  3
96      16  0 1  1
100      12  1 5  3
103      17  0 4  6
104      21  0 4  6

wchip = 18
hchip = 4

Module x  y  w  h

14      0  0 1  1
16      0  1 1  1
17      0  2 1  1
18      1  0 1  1
25      1  3 1  1
26      2  0 1  1
27      3  0 1  1
28      3  1 1  1
29      10  0 1  1
53      4  0 6  4
55      10  1 1  1
57      11  0 1  1
89      12  0 6  3

wchip = 23
hchip = 6

Module x  y  w  h

13      0  0 1  1
15      1  0 1  1
58      4  0 1  1
59      5  0 1  1
60      6  0 1  1
61      7  0 5  3
64      12  0 1  1
65      13  0 1  1
80      1  3 1  1
91      2  3 6  3
92      8  3 6  3
93      14  0 6  3
99      20  0 3  5

